0.00 0.00 0.00 270.00
0.01 -0.00 -0.03 269.14
0.02 -0.00 -0.06 268.28
0.03 -0.00 -0.09 267.42
0.04 -0.00 -0.12 266.56
0.05 -0.01 -0.15 265.70
0.06 -0.01 -0.18 264.84
0.07 -0.01 -0.21 263.98
0.08 -0.02 -0.24 263.12
0.09 -0.02 -0.27 262.27
0.10 -0.02 -0.30 261.41
0.11 -0.03 -0.33 260.55
0.12 -0.03 -0.36 259.69
0.13 -0.04 -0.39 258.83
0.14 -0.05 -0.42 257.97
0.15 -0.05 -0.45 257.11
0.16 -0.06 -0.47 256.25
0.17 -0.07 -0.50 255.39
0.18 -0.08 -0.53 254.53
0.19 -0.08 -0.56 253.67
0.20 -0.09 -0.59 252.81
0.21 -0.10 -0.62 251.95
0.22 -0.11 -0.65 251.09
0.23 -0.12 -0.68 250.23
0.24 -0.13 -0.70 249.37
0.25 -0.14 -0.73 248.51
0.26 -0.16 -0.76 247.65
0.27 -0.17 -0.79 246.80
0.28 -0.18 -0.81 245.94
0.29 -0.19 -0.84 245.08
0.30 -0.21 -0.87 244.22
0.31 -0.22 -0.90 243.36
0.32 -0.23 -0.92 242.50
0.33 -0.25 -0.95 241.64
0.34 -0.26 -0.97 240.78
0.35 -0.28 -1.00 239.92
0.36 -0.29 -1.03 239.06
0.37 -0.31 -1.05 238.20
0.38 -0.32 -1.08 237.34
0.39 -0.34 -1.10 236.48
0.40 -0.36 -1.13 235.62
0.41 -0.38 -1.15 234.76
0.42 -0.39 -1.18 233.90
0.43 -0.41 -1.20 233.04
0.44 -0.43 -1.22 232.18
0.45 -0.45 -1.25 231.33
0.46 -0.47 -1.27 230.47
0.47 -0.49 -1.29 229.61
0.48 -0.51 -1.32 228.75
0.49 -0.53 -1.34 227.89
0.50 -0.55 -1.36 227.03
0.51 -0.57 -1.38 226.17
0.52 -0.59 -1.40 225.31
0.53 -0.61 -1.42 224.45
0.54 -0.63 -1.44 223.59
0.55 -0.65 -1.46 222.73
0.56 -0.68 -1.48 221.87
0.57 -0.70 -1.50 221.87
0.58 -0.72 -1.52 221.87
0.59 -0.74 -1.54 221.87
0.60 -0.77 -1.56 221.87
0.61 -0.79 -1.58 221.87
0.62 -0.81 -1.60 221.87
0.63 -0.83 -1.62 221.87
0.64 -0.85 -1.64 221.87
0.65 -0.88 -1.66 221.87
0.66 -0.90 -1.68 221.87
0.67 -0.92 -1.70 221.87
0.68 -0.94 -1.72 221.87
0.69 -0.97 -1.74 221.87
0.70 -0.99 -1.76 221.87
0.71 -1.01 -1.78 221.87
0.72 -1.03 -1.80 221.87
0.73 -1.06 -1.82 221.87
0.74 -1.08 -1.84 221.87
0.75 -1.10 -1.86 221.87
0.76 -1.12 -1.88 221.87
0.77 -1.15 -1.90 221.87
0.78 -1.17 -1.92 221.87
0.79 -1.19 -1.94 221.87
0.80 -1.21 -1.96 221.87
0.81 -1.23 -1.98 221.87
0.82 -1.26 -2.00 221.87
0.83 -1.28 -2.02 221.87
0.84 -1.30 -2.04 221.87
0.85 -1.32 -2.06 221.87
0.86 -1.35 -2.08 221.87
0.87 -1.37 -2.11 221.87
0.88 -1.39 -2.13 221.87
0.89 -1.41 -2.15 221.87
0.90 -1.44 -2.17 221.87
0.91 -1.46 -2.19 221.87
0.92 -1.48 -2.21 221.87
0.93 -1.50 -2.23 221.87
0.94 -1.53 -2.25 221.87
0.95 -1.55 -2.27 221.87
0.96 -1.57 -2.29 221.87
0.97 -1.59 -2.31 221.87
0.98 -1.61 -2.33 221.87
0.99 -1.64 -2.35 221.87
1.00 -1.66 -2.37 221.87
1.01 -1.68 -2.39 221.87
1.02 -1.70 -2.41 221.87
1.03 -1.73 -2.43 221.87
1.04 -1.75 -2.45 221.87
1.05 -1.77 -2.47 221.87
1.06 -1.79 -2.49 221.87
1.07 -1.82 -2.51 221.87
1.08 -1.84 -2.53 221.87
1.09 -1.86 -2.55 221.87
1.10 -1.88 -2.57 221.87
1.11 -1.90 -2.59 221.87
1.12 -1.93 -2.61 221.87
1.13 -1.95 -2.63 221.87
1.14 -1.97 -2.65 221.87
1.15 -1.99 -2.67 221.87
1.16 -2.02 -2.69 221.87
1.17 -2.04 -2.71 221.87
1.18 -2.06 -2.73 221.87
1.19 -2.08 -2.75 221.87
1.20 -2.11 -2.77 221.87
1.21 -2.13 -2.79 221.87
1.22 -2.15 -2.81 221.87
1.23 -2.17 -2.83 221.87
1.24 -2.20 -2.85 221.87
1.25 -2.22 -2.87 221.87
1.26 -2.24 -2.89 221.87
1.27 -2.26 -2.91 221.87
1.28 -2.28 -2.93 221.87
1.29 -2.31 -2.95 221.87
1.30 -2.33 -2.97 221.87
1.31 -2.35 -2.99 221.87
1.32 -2.37 -3.01 221.87
1.33 -2.40 -3.03 221.87
1.34 -2.42 -3.05 221.87
1.35 -2.44 -3.07 221.87
1.36 -2.46 -3.09 221.87
1.37 -2.49 -3.11 221.87
1.38 -2.51 -3.13 221.87
1.39 -2.53 -3.15 221.87
1.40 -2.55 -3.17 221.87
1.41 -2.58 -3.19 221.87
1.42 -2.60 -3.21 221.87
1.43 -2.62 -3.23 221.87
1.44 -2.64 -3.25 221.87
1.45 -2.66 -3.27 221.87
1.46 -2.69 -3.29 221.87
1.47 -2.71 -3.31 221.87
1.48 -2.73 -3.33 221.87
1.49 -2.75 -3.35 221.87
1.50 -2.78 -3.37 221.87
1.51 -2.80 -3.39 221.87
1.52 -2.82 -3.41 221.87
1.53 -2.84 -3.43 221.87
1.54 -2.87 -3.45 221.87
1.55 -2.89 -3.47 221.87
1.56 -2.91 -3.49 221.87
1.57 -2.93 -3.51 221.87
1.58 -2.95 -3.53 221.87
1.59 -2.98 -3.55 221.87
1.60 -3.00 -3.57 221.87
1.61 -3.02 -3.59 221.87
1.62 -3.04 -3.61 221.87
1.63 -3.07 -3.63 221.87
1.64 -3.09 -3.65 221.87
1.65 -3.11 -3.67 221.87
1.66 -3.13 -3.69 221.87
1.67 -3.16 -3.71 221.87
1.68 -3.18 -3.73 221.87
1.69 -3.20 -3.75 221.87
1.70 -3.22 -3.77 221.87
1.71 -3.25 -3.79 221.87
1.72 -3.27 -3.81 221.87
1.73 -3.29 -3.83 221.87
1.74 -3.31 -3.85 221.87
1.75 -3.33 -3.87 221.87
1.76 -3.36 -3.89 221.87
1.77 -3.38 -3.91 221.87
1.78 -3.40 -3.93 221.87
1.79 -3.42 -3.95 221.87
1.80 -3.45 -3.97 221.87
1.81 -3.47 -3.99 221.87
1.82 -3.49 -4.01 221.87
1.83 -3.51 -4.03 221.87
1.84 -3.54 -4.05 221.87
1.85 -3.56 -4.07 221.87
1.86 -3.58 -4.09 221.87
1.87 -3.60 -4.11 221.87
1.88 -3.63 -4.13 221.87
1.89 -3.65 -4.15 221.87
1.90 -3.67 -4.17 221.87
1.91 -3.69 -4.19 221.87
1.92 -3.71 -4.21 221.87
1.93 -3.74 -4.23 221.87
1.94 -3.76 -4.25 221.87
1.95 -3.78 -4.27 221.87
1.96 -3.80 -4.29 221.87
1.97 -3.83 -4.31 221.87
1.98 -3.85 -4.33 221.87
1.99 -3.87 -4.35 221.87
2.00 -3.89 -4.37 221.87
2.01 -3.92 -4.39 221.87
2.02 -3.94 -4.41 221.87
2.03 -3.96 -4.43 221.87
2.04 -3.98 -4.45 221.87
2.05 -4.00 -4.47 221.87
2.06 -4.03 -4.49 221.87
2.07 -4.05 -4.51 221.87
2.08 -4.07 -4.53 221.87
2.09 -4.09 -4.55 221.87
2.10 -4.12 -4.57 221.87
2.11 -4.14 -4.59 221.87
2.12 -4.16 -4.61 221.87
2.13 -4.18 -4.63 221.87
2.14 -4.21 -4.65 221.87
2.15 -4.23 -4.67 221.87
2.16 -4.25 -4.69 221.87
2.17 -4.27 -4.71 221.87
2.18 -4.30 -4.73 221.87
2.19 -4.32 -4.75 221.87
2.20 -4.34 -4.77 221.87
2.21 -4.36 -4.79 221.87
2.22 -4.38 -4.81 221.87
2.23 -4.41 -4.83 221.87
2.24 -4.43 -4.85 221.87
2.25 -4.45 -4.87 221.87
2.26 -4.47 -4.89 221.87
2.27 -4.50 -4.91 221.87
2.28 -4.52 -4.93 221.87
2.29 -4.54 -4.95 221.87
2.30 -4.56 -4.97 221.87
2.31 -4.59 -4.99 221.87
2.32 -4.61 -5.01 221.87
2.33 -4.63 -5.03 221.87
2.34 -4.65 -5.05 221.87
2.35 -4.67 -5.07 221.87
2.36 -4.70 -5.09 221.87
2.37 -4.72 -5.11 221.87
2.38 -4.74 -5.13 221.87
2.39 -4.76 -5.15 221.87
2.40 -4.79 -5.17 221.87
2.41 -4.81 -5.19 221.87
2.42 -4.83 -5.21 221.87
2.43 -4.85 -5.23 221.87
2.44 -4.88 -5.25 221.87
2.45 -4.90 -5.27 221.87
2.46 -4.92 -5.29 221.87
2.47 -4.94 -5.31 221.87
2.48 -4.97 -5.33 221.87
2.49 -4.99 -5.35 221.87
2.50 -5.01 -5.37 221.87
2.51 -5.03 -5.39 221.87
2.52 -5.05 -5.41 221.87
2.53 -5.08 -5.43 221.87
2.54 -5.10 -5.45 221.87
2.55 -5.12 -5.47 221.87
2.56 -5.14 -5.49 221.87
2.57 -5.17 -5.51 221.87
2.58 -5.19 -5.53 221.87
2.59 -5.21 -5.55 221.87
2.60 -5.23 -5.57 221.87
2.61 -5.26 -5.59 221.87
2.62 -5.28 -5.61 221.87
2.63 -5.30 -5.63 221.87
2.64 -5.32 -5.65 221.87
2.65 -5.35 -5.67 221.87
2.66 -5.37 -5.69 221.87
2.67 -5.39 -5.71 221.87
2.68 -5.41 -5.73 221.87
2.69 -5.43 -5.75 221.87
2.70 -5.46 -5.77 221.87
2.71 -5.48 -5.79 221.87
2.72 -5.50 -5.81 221.87
2.73 -5.52 -5.83 221.87
2.74 -5.55 -5.85 221.87
2.75 -5.57 -5.87 221.87
2.76 -5.59 -5.89 221.87
2.77 -5.61 -5.91 221.87
2.78 -5.64 -5.93 221.87
2.79 -5.66 -5.95 221.87
2.80 -5.68 -5.97 221.87
2.81 -5.70 -5.99 221.87
2.82 -5.72 -6.01 221.87
2.83 -5.75 -6.03 221.87
2.84 -5.77 -6.05 221.87
2.85 -5.79 -6.07 221.87
2.86 -5.81 -6.09 221.87
2.87 -5.84 -6.11 221.87
2.88 -5.86 -6.13 221.87
2.89 -5.88 -6.15 221.87
2.90 -5.90 -6.17 221.87
2.91 -5.93 -6.19 221.87
2.92 -5.95 -6.21 221.87
2.93 -5.97 -6.23 221.87
2.94 -5.99 -6.25 221.87
2.95 -6.02 -6.27 221.87
2.96 -6.04 -6.29 221.87
2.97 -6.06 -6.31 221.87
2.98 -6.08 -6.33 221.87
2.99 -6.10 -6.35 221.87
3.00 -6.13 -6.37 221.87
3.01 -6.15 -6.39 221.87
3.02 -6.17 -6.41 221.87
3.03 -6.19 -6.43 221.87
3.04 -6.22 -6.45 221.87
3.05 -6.24 -6.47 221.87
3.06 -6.26 -6.49 221.87
3.07 -6.28 -6.51 221.87
3.08 -6.31 -6.53 221.87
3.09 -6.33 -6.55 221.87
3.10 -6.35 -6.57 221.87
3.11 -6.37 -6.59 221.87
3.12 -6.40 -6.61 221.87
3.13 -6.42 -6.63 221.87
3.14 -6.44 -6.65 221.87
3.15 -6.46 -6.67 221.87
3.16 -6.48 -6.69 221.87
3.17 -6.51 -6.71 221.87
3.18 -6.53 -6.73 221.87
3.19 -6.55 -6.75 221.87
3.20 -6.57 -6.77 221.87
3.21 -6.60 -6.79 221.87
3.22 -6.62 -6.81 221.87
3.23 -6.64 -6.83 221.87
3.24 -6.66 -6.85 221.87
3.25 -6.69 -6.87 221.87
3.26 -6.71 -6.89 221.01
3.27 -6.73 -6.91 220.15
3.28 -6.75 -6.93 219.29
3.29 -6.78 -6.95 218.43
3.30 -6.80 -6.97 217.57
3.31 -6.83 -6.98 216.71
3.32 -6.85 -7.00 215.86
3.33 -6.87 -7.02 215.00
3.34 -6.90 -7.04 214.14
3.35 -6.92 -7.05 213.28
3.36 -6.95 -7.07 212.42
3.37 -6.98 -7.08 211.56
3.38 -7.00 -7.10 210.70
3.39 -7.03 -7.11 209.84
3.40 -7.05 -7.13 208.98
3.41 -7.08 -7.14 208.12
3.42 -7.11 -7.16 207.26
3.43 -7.13 -7.17 206.40
3.44 -7.16 -7.18 205.54
3.45 -7.19 -7.19 204.68
3.46 -7.22 -7.21 203.82
3.47 -7.24 -7.22 202.96
3.48 -7.27 -7.23 202.10
3.49 -7.30 -7.24 201.25
3.50 -7.33 -7.25 200.39
3.51 -7.35 -7.26 199.53
3.52 -7.38 -7.27 198.67
3.53 -7.41 -7.28 197.81
3.54 -7.44 -7.29 196.95
3.55 -7.47 -7.30 196.09
3.56 -7.50 -7.31 195.23
3.57 -7.53 -7.31 194.37
3.58 -7.56 -7.32 193.51
3.59 -7.59 -7.33 192.65
3.60 -7.62 -7.33 191.79
3.61 -7.64 -7.34 190.93
3.62 -7.67 -7.34 190.07
3.63 -7.70 -7.35 189.21
3.64 -7.73 -7.35 188.35
3.65 -7.76 -7.36 187.49
3.66 -7.79 -7.36 186.63
3.67 -7.82 -7.36 185.78
3.68 -7.85 -7.37 184.92
3.69 -7.88 -7.37 184.06
3.70 -7.91 -7.37 183.20
3.71 -7.94 -7.37 182.34
3.72 -7.97 -7.37 181.48
3.73 -8.00 -7.37 180.62
3.74 -8.03 -7.37 179.76
3.75 -8.06 -7.37 178.90
3.76 -8.09 -7.37 178.04
3.77 -8.12 -7.37 177.18
3.78 -8.15 -7.37 176.32
3.79 -8.18 -7.36 175.46
3.80 -8.21 -7.36 174.60
3.81 -8.24 -7.36 173.74
3.82 -8.27 -7.35 172.88
3.83 -8.30 -7.35 172.02
3.84 -8.33 -7.35 171.16
3.85 -8.36 -7.34 170.31
3.86 -8.39 -7.33 169.45
3.87 -8.42 -7.33 168.59
3.88 -8.45 -7.32 167.73
3.89 -8.48 -7.32 166.87
3.90 -8.51 -7.31 166.01
3.91 -8.54 -7.30 165.15
3.92 -8.57 -7.29 164.29
3.93 -8.59 -7.28 163.43
3.94 -8.62 -7.28 162.57
3.95 -8.65 -7.27 161.71
3.96 -8.68 -7.26 160.85
3.97 -8.71 -7.25 159.99
3.98 -8.74 -7.23 159.13
3.99 -8.76 -7.22 158.27
4.00 -8.79 -7.21 157.41
4.01 -8.82 -7.20 156.55
4.02 -8.85 -7.19 155.69
4.03 -8.87 -7.18 154.84
4.04 -8.90 -7.16 153.98
4.05 -8.93 -7.15 153.12
4.06 -8.95 -7.13 152.26
4.07 -8.98 -7.12 151.40
4.08 -9.01 -7.11 150.54
4.09 -9.03 -7.09 149.68
4.10 -9.06 -7.07 148.82
4.11 -9.08 -7.06 147.96
4.12 -9.11 -7.04 147.10
4.13 -9.13 -7.03 146.24
4.14 -9.16 -7.01 145.38
4.15 -9.18 -6.99 144.52
4.16 -9.21 -6.97 143.66
4.17 -9.23 -6.96 142.80
4.18 -9.25 -6.94 141.94
4.19 -9.28 -6.92 141.08
4.20 -9.30 -6.90 140.23
4.21 -9.32 -6.88 139.37
4.22 -9.35 -6.86 138.51
4.23 -9.37 -6.84 137.65
4.24 -9.39 -6.82 136.79
4.25 -9.41 -6.80 135.93
4.26 -9.43 -6.78 135.07
4.27 -9.45 -6.76 134.21
4.28 -9.47 -6.73 133.35
4.29 -9.49 -6.71 132.49
4.30 -9.51 -6.69 131.63
4.31 -9.53 -6.67 130.77
4.32 -9.55 -6.64 129.91
4.33 -9.57 -6.62 129.05
4.34 -9.59 -6.60 128.19
4.35 -9.61 -6.57 127.33
4.36 -9.63 -6.55 126.47
4.37 -9.64 -6.52 125.61
4.38 -9.66 -6.50 124.76
4.39 -9.68 -6.47 123.90
4.40 -9.69 -6.45 123.04
4.41 -9.71 -6.42 122.18
4.42 -9.73 -6.40 121.32
4.43 -9.74 -6.37 120.46
4.44 -9.76 -6.35 119.60
4.45 -9.77 -6.32 118.74
4.46 -9.78 -6.29 117.88
4.47 -9.80 -6.27 117.02
4.48 -9.81 -6.24 116.16
4.49 -9.82 -6.21 115.30
4.50 -9.84 -6.19 114.44
4.51 -9.85 -6.16 113.58
4.52 -9.86 -6.13 112.72
4.53 -9.87 -6.10 111.86
4.54 -9.88 -6.07 111.00
4.55 -9.89 -6.05 110.14
4.56 -9.90 -6.02 109.29
4.57 -9.91 -5.99 108.43
4.58 -9.92 -5.96 107.57
4.59 -9.93 -5.93 106.71
4.60 -9.94 -5.90 105.85
4.61 -9.95 -5.87 104.99
4.62 -9.95 -5.85 104.13
4.63 -9.96 -5.82 103.27
4.64 -9.97 -5.79 102.41
4.65 -9.97 -5.76 101.55
4.66 -9.98 -5.73 100.69
4.67 -9.98 -5.70 99.83
4.68 -9.99 -5.67 98.97
4.69 -9.99 -5.64 98.11
4.70 -10.00 -5.61 97.25
4.71 -10.00 -5.58 96.39
4.72 -10.00 -5.55 95.53
4.73 -10.00 -5.52 94.67
4.74 -10.01 -5.49 93.82
4.75 -10.01 -5.46 92.96
4.76 -10.01 -5.43 92.10
4.77 -10.01 -5.40 91.24
4.78 -10.01 -5.37 90.38
4.79 -10.01 -5.34 89.52
4.80 -10.01 -5.31 88.66
4.81 -10.01 -5.28 87.80
4.82 -10.01 -5.25 86.94
4.83 -10.00 -5.22 86.08
4.84 -10.00 -5.19 85.22
4.85 -10.00 -5.16 84.36
4.86 -9.99 -5.13 83.50
4.87 -9.99 -5.10 82.64
4.88 -9.99 -5.07 81.78
4.89 -9.98 -5.04 80.92
4.90 -9.98 -5.01 80.06
4.91 -9.97 -4.98 79.21
4.92 -9.96 -4.95 78.35
4.93 -9.96 -4.92 77.49
4.94 -9.95 -4.89 76.63
4.95 -9.94 -4.87 75.77
4.96 -9.94 -4.84 74.91
4.97 -9.93 -4.81 74.05
4.98 -9.92 -4.78 73.19
4.99 -9.91 -4.75 72.33
5.00 -9.90 -4.72 71.47
5.01 -9.89 -4.69 70.61
5.02 -9.88 -4.67 69.75
5.03 -9.87 -4.64 68.89
5.04 -9.86 -4.61 68.03
5.05 -9.85 -4.58 67.17
5.06 -9.83 -4.55 66.31
5.07 -9.82 -4.53 65.45
5.08 -9.81 -4.50 64.59
5.09 -9.80 -4.47 63.74
5.10 -9.78 -4.45 62.88
5.11 -9.77 -4.42 62.02
5.12 -9.75 -4.39 61.16
5.13 -9.74 -4.37 60.30
5.14 -9.72 -4.34 59.44
5.15 -9.71 -4.32 58.58
5.16 -9.69 -4.29 57.72
5.17 -9.68 -4.27 56.86
5.18 -9.66 -4.24 56.00
5.19 -9.64 -4.22 55.14
5.20 -9.62 -4.19 54.28
5.21 -9.61 -4.17 53.42
5.22 -9.59 -4.14 52.56
5.23 -9.57 -4.12 51.70
5.24 -9.55 -4.10 50.84
5.25 -9.53 -4.07 49.98
5.26 -9.51 -4.05 49.12
5.27 -9.49 -4.03 48.27
5.28 -9.47 -4.01 47.41
5.29 -9.45 -3.99 46.55
5.30 -9.43 -3.96 45.69
5.31 -9.41 -3.94 44.83
5.32 -9.39 -3.92 43.97
5.33 -9.37 -3.90 43.11
5.34 -9.34 -3.88 42.25
5.35 -9.32 -3.86 41.39
5.36 -9.30 -3.84 40.53
5.37 -9.27 -3.82 39.67
5.38 -9.25 -3.80 38.81
5.39 -9.23 -3.79 37.95
5.40 -9.20 -3.77 37.09
5.41 -9.18 -3.75 36.23
5.42 -9.15 -3.73 35.37
5.43 -9.13 -3.71 34.51
5.44 -9.11 -3.70 33.65
5.45 -9.08 -3.68 32.80
5.46 -9.05 -3.67 31.94
5.47 -9.03 -3.65 31.08
5.48 -9.00 -3.64 30.22
5.49 -8.98 -3.62 29.36
5.50 -8.95 -3.61 28.50
5.51 -8.92 -3.59 27.64
5.52 -8.90 -3.58 26.78
5.53 -8.87 -3.57 25.92
5.54 -8.84 -3.55 25.06
5.55 -8.82 -3.54 24.20
5.56 -8.79 -3.53 23.34
5.57 -8.76 -3.52 22.48
5.58 -8.73 -3.51 21.62
5.59 -8.70 -3.50 20.76
5.60 -8.68 -3.49 19.90
5.61 -8.65 -3.48 19.04
5.62 -8.62 -3.47 18.19
5.63 -8.59 -3.46 17.33
5.64 -8.56 -3.45 16.47
5.65 -8.53 -3.44 15.61
5.66 -8.50 -3.43 14.75
5.67 -8.47 -3.43 13.89
5.68 -8.45 -3.42 13.03
5.69 -8.42 -3.41 12.17
5.70 -8.39 -3.41 11.31
5.71 -8.36 -3.40 10.45
5.72 -8.33 -3.40 9.59
5.73 -8.30 -3.39 8.73
5.74 -8.27 -3.39 7.87
5.75 -8.24 -3.38 7.01
5.76 -8.21 -3.38 6.15
5.77 -8.18 -3.38 5.29
5.78 -8.15 -3.38 4.43
5.79 -8.12 -3.37 3.57
5.80 -8.09 -3.37 2.72
5.81 -8.06 -3.37 1.86
5.82 -8.03 -3.37 1.00
5.83 -8.00 -3.37 0.14
5.84 -7.97 -3.37 359.28
5.85 -7.94 -3.37 358.42
5.86 -7.91 -3.37 357.56
5.87 -7.88 -3.38 356.70
5.88 -7.85 -3.38 355.84
5.89 -7.82 -3.38 354.98
5.90 -7.79 -3.38 354.12
5.91 -7.76 -3.39 353.26
5.92 -7.73 -3.39 352.40
5.93 -7.70 -3.40 351.54
5.94 -7.67 -3.40 350.68
5.95 -7.64 -3.41 349.82
5.96 -7.61 -3.41 348.96
5.97 -7.58 -3.42 348.10
5.98 -7.55 -3.42 347.25
5.99 -7.52 -3.43 346.39
6.00 -7.49 -3.44 345.53
