0.00 0.00 0.00 270.00
0.01 0.00 -0.03 270.86
0.02 0.00 -0.06 271.72
0.03 0.00 -0.09 272.58
0.04 0.00 -0.12 273.44
0.05 0.01 -0.15 274.30
0.06 0.01 -0.18 275.16
0.07 0.01 -0.21 276.02
0.08 0.02 -0.24 276.88
0.09 0.02 -0.27 277.73
0.10 0.02 -0.30 278.59
0.11 0.03 -0.33 279.45
0.12 0.03 -0.36 280.31
0.13 0.04 -0.39 281.17
0.14 0.05 -0.42 282.03
0.15 0.05 -0.45 282.89
0.16 0.06 -0.47 283.75
0.17 0.07 -0.50 284.61
0.18 0.08 -0.53 285.47
0.19 0.08 -0.56 286.33
0.20 0.09 -0.59 287.19
0.21 0.10 -0.62 288.05
0.22 0.11 -0.65 288.91
0.23 0.12 -0.68 289.77
0.24 0.13 -0.70 290.63
0.25 0.14 -0.73 291.49
0.26 0.16 -0.76 292.35
0.27 0.17 -0.79 293.20
0.28 0.18 -0.81 294.06
0.29 0.19 -0.84 294.92
0.30 0.21 -0.87 295.78
0.31 0.22 -0.90 296.64
0.32 0.23 -0.92 297.50
0.33 0.25 -0.95 298.36
0.34 0.26 -0.97 299.22
0.35 0.28 -1.00 300.08
0.36 0.29 -1.03 300.94
0.37 0.31 -1.05 301.80
0.38 0.32 -1.08 302.66
0.39 0.34 -1.10 303.52
0.40 0.36 -1.13 304.38
0.41 0.38 -1.15 305.24
0.42 0.39 -1.18 306.10
0.43 0.41 -1.20 306.96
0.44 0.43 -1.22 307.82
0.45 0.45 -1.25 308.67
0.46 0.47 -1.27 309.53
0.47 0.49 -1.29 310.39
0.48 0.51 -1.32 311.25
0.49 0.53 -1.34 312.11
0.50 0.55 -1.36 312.97
0.51 0.57 -1.38 313.83
0.52 0.59 -1.40 314.69
0.53 0.61 -1.42 315.55
0.54 0.63 -1.44 316.41
0.55 0.65 -1.46 317.27
0.56 0.68 -1.48 318.13
0.57 0.70 -1.50 318.99
0.58 0.72 -1.52 319.85
0.59 0.75 -1.54 320.71
0.60 0.77 -1.56 321.57
0.61 0.79 -1.58 322.43
0.62 0.82 -1.60 323.29
0.63 0.84 -1.61 324.14
0.64 0.87 -1.63 325.00
0.65 0.89 -1.65 325.86
0.66 0.92 -1.67 326.72
0.67 0.94 -1.68 327.58
0.68 0.97 -1.70 328.44
0.69 0.99 -1.71 329.30
0.70 1.02 -1.73 330.16
0.71 1.04 -1.74 331.02
0.72 1.07 -1.76 331.88
0.73 1.10 -1.77 332.74
0.74 1.12 -1.78 333.60
0.75 1.15 -1.80 334.46
0.76 1.18 -1.81 335.32
0.77 1.21 -1.82 336.18
0.78 1.23 -1.83 337.04
0.79 1.26 -1.84 337.90
0.80 1.29 -1.85 338.75
0.81 1.32 -1.86 339.61
0.82 1.35 -1.87 340.47
0.83 1.37 -1.88 341.33
0.84 1.40 -1.89 342.19
0.85 1.43 -1.90 343.05
0.86 1.46 -1.91 343.91
0.87 1.49 -1.92 344.77
0.88 1.52 -1.93 345.63
0.89 1.55 -1.93 346.49
0.90 1.58 -1.94 347.35
0.91 1.61 -1.95 348.21
0.92 1.64 -1.95 349.07
0.93 1.66 -1.96 349.93
0.94 1.69 -1.96 350.79
0.95 1.72 -1.97 351.65
0.96 1.75 -1.97 352.51
0.97 1.78 -1.97 353.37
0.98 1.81 -1.98 354.22
0.99 1.84 -1.98 355.08
1.00 1.87 -1.98 355.94
1.01 1.90 -1.98 356.80
1.02 1.93 -1.98 357.66
1.03 1.96 -1.98 358.52
1.04 1.99 -1.99 359.38
1.05 2.02 -1.98 0.24
1.06 2.05 -1.98 1.10
1.07 2.08 -1.98 1.96
1.08 2.11 -1.98 2.82
1.09 2.14 -1.98 3.68
1.10 2.17 -1.98 4.54
1.11 2.20 -1.97 5.40
1.12 2.23 -1.97 6.26
1.13 2.26 -1.97 7.12
1.14 2.29 -1.96 7.98
1.15 2.32 -1.96 8.84
1.16 2.35 -1.95 9.69
1.17 2.38 -1.95 10.55
1.18 2.41 -1.94 11.41
1.19 2.44 -1.94 12.27
1.20 2.47 -1.93 13.13
1.21 2.50 -1.92 13.99
1.22 2.53 -1.91 14.85
1.23 2.56 -1.91 15.71
1.24 2.58 -1.90 16.57
1.25 2.61 -1.89 17.43
1.26 2.64 -1.88 18.29
1.27 2.67 -1.87 19.15
1.28 2.70 -1.86 20.01
1.29 2.73 -1.85 20.87
1.30 2.75 -1.84 21.73
1.31 2.78 -1.83 22.59
1.32 2.81 -1.81 23.45
1.33 2.84 -1.80 24.31
1.34 2.86 -1.79 25.16
1.35 2.89 -1.78 26.02
1.36 2.92 -1.76 26.88
1.37 2.94 -1.75 27.74
1.38 2.97 -1.73 28.60
1.39 3.00 -1.72 29.46
1.40 3.02 -1.70 30.32
1.41 3.05 -1.69 31.18
1.42 3.07 -1.67 32.04
1.43 3.10 -1.66 32.90
1.44 3.12 -1.64 33.76
1.45 3.15 -1.62 34.62
1.46 3.17 -1.60 35.48
1.47 3.20 -1.59 36.34
1.48 3.22 -1.57 37.20
1.49 3.24 -1.55 38.06
1.50 3.27 -1.53 38.92
1.51 3.29 -1.51 39.77
1.52 3.31 -1.49 39.77
1.53 3.34 -1.47 39.77
1.54 3.36 -1.45 39.77
1.55 3.38 -1.44 39.77
1.56 3.41 -1.42 39.77
1.57 3.43 -1.40 39.77
1.58 3.45 -1.38 39.77
1.59 3.48 -1.36 39.77
1.60 3.50 -1.34 39.77
1.61 3.52 -1.32 39.77
1.62 3.54 -1.30 39.77
1.63 3.57 -1.28 39.77
1.64 3.59 -1.26 39.77
1.65 3.61 -1.24 39.77
1.66 3.64 -1.22 39.77
1.67 3.66 -1.21 39.77
1.68 3.68 -1.19 39.77
1.69 3.71 -1.17 39.77
1.70 3.73 -1.15 39.77
1.71 3.75 -1.13 39.77
1.72 3.78 -1.11 39.77
1.73 3.80 -1.09 39.77
1.74 3.82 -1.07 39.77
1.75 3.84 -1.05 39.77
1.76 3.87 -1.03 39.77
1.77 3.89 -1.01 39.77
1.78 3.91 -0.99 39.77
1.79 3.94 -0.98 39.77
1.80 3.96 -0.96 39.77
1.81 3.98 -0.94 39.77
1.82 4.01 -0.92 39.77
1.83 4.03 -0.90 39.77
1.84 4.05 -0.88 39.77
1.85 4.07 -0.86 39.77
1.86 4.10 -0.84 39.77
1.87 4.12 -0.82 39.77
1.88 4.14 -0.80 39.77
1.89 4.17 -0.78 39.77
1.90 4.19 -0.76 39.77
1.91 4.21 -0.74 39.77
1.92 4.24 -0.73 39.77
1.93 4.26 -0.71 39.77
1.94 4.28 -0.69 39.77
1.95 4.31 -0.67 39.77
1.96 4.33 -0.65 39.77
1.97 4.35 -0.63 39.77
1.98 4.37 -0.61 39.77
1.99 4.40 -0.59 39.77
2.00 4.42 -0.57 39.77
2.01 4.44 -0.55 39.77
2.02 4.47 -0.53 39.77
2.03 4.49 -0.51 39.77
2.04 4.51 -0.50 39.77
2.05 4.54 -0.48 39.77
2.06 4.56 -0.46 39.77
2.07 4.58 -0.44 39.77
2.08 4.61 -0.42 39.77
2.09 4.63 -0.40 39.77
2.10 4.65 -0.38 39.77
2.11 4.67 -0.36 39.77
2.12 4.70 -0.34 39.77
2.13 4.72 -0.32 39.77
2.14 4.74 -0.30 39.77
2.15 4.77 -0.28 39.77
2.16 4.79 -0.26 39.77
2.17 4.81 -0.25 39.77
2.18 4.84 -0.23 39.77
2.19 4.86 -0.21 39.77
2.20 4.88 -0.19 39.77
2.21 4.90 -0.17 39.77
2.22 4.93 -0.15 39.77
2.23 4.95 -0.13 39.77
2.24 4.97 -0.11 39.77
2.25 5.00 -0.09 39.77
2.26 5.02 -0.07 39.77
2.27 5.04 -0.05 39.77
2.28 5.07 -0.03 39.77
2.29 5.09 -0.02 39.77
2.30 5.11 0.00 39.77
2.31 5.14 0.02 39.77
2.32 5.16 0.04 39.77
2.33 5.18 0.06 39.77
2.34 5.20 0.08 39.77
2.35 5.23 0.10 39.77
2.36 5.25 0.12 39.77
2.37 5.27 0.14 39.77
2.38 5.30 0.16 39.77
2.39 5.32 0.18 39.77
2.40 5.34 0.20 39.77
2.41 5.37 0.21 39.77
2.42 5.39 0.23 39.77
2.43 5.41 0.25 39.77
2.44 5.44 0.27 39.77
2.45 5.46 0.29 39.77
2.46 5.48 0.31 39.77
2.47 5.50 0.33 39.77
2.48 5.53 0.35 39.77
2.49 5.55 0.37 39.77
2.50 5.57 0.39 39.77
2.51 5.60 0.41 39.77
2.52 5.62 0.43 39.77
2.53 5.64 0.45 39.77
2.54 5.67 0.46 39.77
2.55 5.69 0.48 39.77
2.56 5.71 0.50 39.77
2.57 5.74 0.52 39.77
2.58 5.76 0.54 39.77
2.59 5.78 0.56 39.77
2.60 5.80 0.58 39.77
2.61 5.83 0.60 39.77
2.62 5.85 0.62 39.77
2.63 5.87 0.64 39.77
2.64 5.90 0.66 39.77
2.65 5.92 0.68 39.77
2.66 5.94 0.69 39.77
2.67 5.97 0.71 39.77
2.68 5.99 0.73 39.77
2.69 6.01 0.75 39.77
2.70 6.03 0.77 39.77
2.71 6.06 0.79 39.77
2.72 6.08 0.81 39.77
2.73 6.10 0.83 39.77
2.74 6.13 0.85 39.77
2.75 6.15 0.87 39.77
2.76 6.17 0.89 39.77
2.77 6.20 0.91 39.77
2.78 6.22 0.93 39.77
2.79 6.24 0.94 39.77
2.80 6.27 0.96 39.77
2.81 6.29 0.98 39.77
2.82 6.31 1.00 39.77
2.83 6.33 1.02 39.77
2.84 6.36 1.04 39.77
2.85 6.38 1.06 39.77
2.86 6.40 1.08 39.77
2.87 6.43 1.10 39.77
2.88 6.45 1.12 39.77
2.89 6.47 1.14 39.77
2.90 6.50 1.16 39.77
2.91 6.52 1.17 39.77
2.92 6.54 1.19 39.77
2.93 6.57 1.21 39.77
2.94 6.59 1.23 39.77
2.95 6.61 1.25 39.77
2.96 6.63 1.27 39.77
2.97 6.66 1.29 39.77
2.98 6.68 1.31 39.77
2.99 6.70 1.33 39.77
3.00 6.73 1.35 39.77
3.01 6.75 1.37 39.77
3.02 6.77 1.39 39.77
3.03 6.80 1.40 39.77
3.04 6.82 1.42 39.77
3.05 6.84 1.44 39.77
3.06 6.86 1.46 39.77
3.07 6.89 1.48 39.77
3.08 6.91 1.50 39.77
3.09 6.93 1.52 39.77
3.10 6.96 1.54 39.77
3.11 6.98 1.56 39.77
3.12 7.00 1.58 39.77
3.13 7.03 1.60 39.77
3.14 7.05 1.62 39.77
3.15 7.07 1.64 39.77
3.16 7.10 1.65 39.77
3.17 7.12 1.67 39.77
3.18 7.14 1.69 39.77
3.19 7.16 1.71 39.77
3.20 7.19 1.73 39.77
3.21 7.21 1.75 39.77
3.22 7.23 1.77 39.77
3.23 7.26 1.79 39.77
3.24 7.28 1.81 39.77
3.25 7.30 1.83 39.77
3.26 7.33 1.85 38.92
3.27 7.35 1.86 38.06
3.28 7.37 1.88 37.20
3.29 7.40 1.90 36.34
3.30 7.42 1.92 35.48
3.31 7.45 1.93 34.62
3.32 7.47 1.95 33.76
3.33 7.50 1.97 32.90
3.34 7.52 1.98 32.04
3.35 7.55 2.00 31.18
3.36 7.57 2.01 30.32
3.37 7.60 2.03 29.46
3.38 7.63 2.04 28.60
3.39 7.65 2.06 27.74
3.40 7.68 2.07 26.88
3.41 7.71 2.08 26.02
3.42 7.73 2.10 25.16
3.43 7.76 2.11 24.31
3.44 7.79 2.12 23.45
3.45 7.82 2.13 22.59
3.46 7.84 2.14 21.73
3.47 7.87 2.15 20.87
3.48 7.90 2.16 20.01
3.49 7.93 2.17 19.15
3.50 7.96 2.18 18.29
3.51 7.99 2.19 17.43
3.52 8.01 2.20 16.57
3.53 8.04 2.21 15.71
3.54 8.07 2.22 14.85
3.55 8.10 2.22 13.99
3.56 8.13 2.23 13.13
3.57 8.16 2.24 12.27
3.58 8.19 2.24 11.41
3.59 8.22 2.25 10.55
3.60 8.25 2.25 9.69
3.61 8.28 2.26 8.84
3.62 8.31 2.26 7.98
3.63 8.34 2.27 7.12
3.64 8.37 2.27 6.26
3.65 8.40 2.27 5.40
3.66 8.43 2.28 4.54
3.67 8.46 2.28 3.68
3.68 8.49 2.28 2.82
3.69 8.52 2.28 1.96
3.70 8.55 2.28 1.10
3.71 8.58 2.28 0.24
3.72 8.61 2.28 359.38
3.73 8.64 2.28 358.52
3.74 8.67 2.28 357.66
3.75 8.70 2.28 356.80
3.76 8.73 2.27 355.94
3.77 8.76 2.27 355.08
3.78 8.79 2.27 354.22
3.79 8.82 2.27 353.37
3.80 8.85 2.26 352.51
3.81 8.88 2.26 351.65
3.82 8.91 2.25 350.79
3.83 8.94 2.25 349.93
3.84 8.96 2.24 349.07
3.85 8.99 2.24 348.21
3.86 9.02 2.23 347.35
3.87 9.05 2.22 346.49
3.88 9.08 2.21 345.63
3.89 9.11 2.21 344.77
3.90 9.14 2.20 343.91
3.91 9.17 2.19 343.05
3.92 9.20 2.18 342.19
3.93 9.23 2.17 341.33
3.94 9.25 2.16 340.47
3.95 9.28 2.15 339.61
3.96 9.31 2.14 338.75
3.97 9.34 2.13 337.90
3.98 9.37 2.12 337.04
3.99 9.39 2.10 336.18
4.00 9.42 2.09 335.32
4.01 9.45 2.08 334.46
4.02 9.47 2.07 333.60
4.03 9.50 2.05 332.74
4.04 9.53 2.04 331.88
4.05 9.55 2.02 331.02
4.06 9.58 2.01 330.16
4.07 9.60 1.99 329.30
4.08 9.63 1.98 328.44
4.09 9.66 1.96 327.58
4.10 9.68 1.94 326.72
4.11 9.71 1.93 325.86
4.12 9.73 1.91 325.00
4.13 9.75 1.89 324.14
4.14 9.78 1.87 323.29
4.15 9.80 1.86 322.43
4.16 9.83 1.84 321.57
4.17 9.85 1.82 320.71
4.18 9.87 1.80 319.85
4.19 9.89 1.78 318.99
4.20 9.92 1.76 318.13
4.21 9.94 1.74 317.27
4.22 9.96 1.72 316.41
4.23 9.98 1.70 315.55
4.24 10.00 1.68 314.69
4.25 10.02 1.65 313.83
4.26 10.04 1.63 312.97
4.27 10.06 1.61 312.11
4.28 10.08 1.59 311.25
4.29 10.10 1.57 310.39
4.30 10.12 1.54 309.53
4.31 10.14 1.52 308.67
4.32 10.16 1.49 307.82
4.33 10.18 1.47 306.96
4.34 10.20 1.45 306.10
4.35 10.21 1.42 305.24
4.36 10.23 1.40 304.38
4.37 10.25 1.37 303.52
4.38 10.26 1.35 302.66
4.39 10.28 1.32 301.80
4.40 10.29 1.30 300.94
4.41 10.31 1.27 300.08
4.42 10.32 1.24 299.22
4.43 10.34 1.22 298.36
4.44 10.35 1.19 297.50
4.45 10.37 1.16 296.64
4.46 10.38 1.14 295.78
4.47 10.39 1.11 294.92
4.48 10.40 1.08 294.06
4.49 10.41 1.05 293.20
4.50 10.43 1.03 292.35
4.51 10.44 1.00 291.49
4.52 10.45 0.97 290.63
4.53 10.46 0.94 289.77
4.54 10.47 0.91 288.91
4.55 10.48 0.89 288.05
4.56 10.49 0.86 287.19
4.57 10.49 0.83 286.33
4.58 10.50 0.80 285.47
4.59 10.51 0.77 284.61
4.60 10.52 0.74 283.75
4.61 10.52 0.71 282.89
4.62 10.53 0.68 282.03
4.63 10.54 0.65 281.17
4.64 10.54 0.62 280.31
4.65 10.55 0.59 279.45
4.66 10.55 0.56 278.59
4.67 10.55 0.53 277.73
4.68 10.56 0.50 276.88
4.69 10.56 0.48 276.02
4.70 10.56 0.45 275.16
4.71 10.57 0.42 274.30
4.72 10.57 0.39 273.44
4.73 10.57 0.36 272.58
4.74 10.57 0.33 271.72
4.75 10.57 0.30 270.86
4.76 10.57 0.27 270.00
4.77 10.57 0.24 269.14
4.78 10.57 0.21 268.28
4.79 10.57 0.18 267.42
4.80 10.57 0.15 266.56
4.81 10.56 0.12 265.70
4.82 10.56 0.09 264.84
4.83 10.56 0.06 263.98
4.84 10.55 0.03 263.12
4.85 10.55 -0.00 262.27
4.86 10.55 -0.03 261.41
4.87 10.54 -0.06 260.55
4.88 10.54 -0.09 259.69
4.89 10.53 -0.12 258.83
4.90 10.52 -0.15 257.97
4.91 10.52 -0.18 257.11
4.92 10.51 -0.21 256.25
4.93 10.50 -0.24 255.39
4.94 10.49 -0.27 254.53
4.95 10.49 -0.30 253.67
4.96 10.48 -0.32 252.81
4.97 10.47 -0.35 251.95
4.98 10.46 -0.38 251.09
4.99 10.45 -0.41 250.23
5.00 10.44 -0.44 249.37
5.01 10.43 -0.47 248.51
5.02 10.41 -0.49 247.65
5.03 10.40 -0.52 246.80
5.04 10.39 -0.55 245.94
5.05 10.38 -0.58 245.08
5.06 10.37 -0.60 244.22
5.07 10.35 -0.63 243.36
5.08 10.34 -0.66 242.50
5.09 10.32 -0.68 241.64
5.10 10.31 -0.71 240.78
5.11 10.29 -0.73 239.92
5.12 10.28 -0.76 239.06
5.13 10.26 -0.79 238.20
5.14 10.25 -0.81 237.34
5.15 10.23 -0.84 236.48
5.16 10.21 -0.86 235.62
5.17 10.20 -0.89 234.76
5.18 10.18 -0.91 233.90
5.19 10.16 -0.93 233.04
5.20 10.14 -0.96 232.18
5.21 10.12 -0.98 231.33
5.22 10.10 -1.00 230.47
5.23 10.08 -1.03 229.61
5.24 10.06 -1.05 228.75
5.25 10.04 -1.07 227.89
5.26 10.02 -1.09 227.03
5.27 10.00 -1.12 226.17
5.28 9.98 -1.14 225.31
5.29 9.96 -1.16 224.45
5.30 9.94 -1.18 223.59
5.31 9.92 -1.20 222.73
5.32 9.89 -1.22 221.87
5.33 9.87 -1.24 221.01
5.34 9.85 -1.26 220.15
5.35 9.83 -1.28 219.29
5.36 9.80 -1.30 218.43
5.37 9.78 -1.31 217.57
5.38 9.75 -1.33 216.71
5.39 9.73 -1.35 215.86
5.40 9.71 -1.37 215.00
5.41 9.68 -1.38 214.14
5.42 9.66 -1.40 213.28
5.43 9.63 -1.42 212.42
5.44 9.60 -1.43 211.56
5.45 9.58 -1.45 210.70
5.46 9.55 -1.46 209.84
5.47 9.53 -1.48 208.98
5.48 9.50 -1.49 208.12
5.49 9.47 -1.50 207.26
5.50 9.45 -1.52 206.40
5.51 9.42 -1.53 205.54
5.52 9.39 -1.54 204.68
5.53 9.37 -1.56 203.82
5.54 9.34 -1.57 202.96
5.55 9.31 -1.58 202.10
5.56 9.28 -1.59 201.25
5.57 9.25 -1.60 200.39
5.58 9.23 -1.61 199.53
5.59 9.20 -1.62 198.67
5.60 9.17 -1.63 197.81
5.61 9.14 -1.64 196.95
5.62 9.11 -1.65 196.09
5.63 9.08 -1.65 195.23
5.64 9.05 -1.66 194.37
5.65 9.02 -1.67 193.51
5.66 8.99 -1.67 192.65
5.67 8.96 -1.68 191.79
5.68 8.94 -1.69 190.93
5.69 8.91 -1.69 190.07
5.70 8.88 -1.70 189.21
5.71 8.85 -1.70 188.35
5.72 8.82 -1.70 187.49
5.73 8.79 -1.71 186.63
5.74 8.76 -1.71 185.78
5.75 8.73 -1.71 184.92
5.76 8.70 -1.72 184.06
5.77 8.67 -1.72 183.20
5.78 8.64 -1.72 182.34
5.79 8.61 -1.72 181.48
5.80 8.58 -1.72 180.62
5.81 8.55 -1.72 179.76
5.82 8.52 -1.72 178.90
5.83 8.49 -1.72 178.04
5.84 8.46 -1.72 177.18
5.85 8.43 -1.71 176.32
5.86 8.40 -1.71 175.46
5.87 8.37 -1.71 174.60
5.88 8.34 -1.71 173.74
5.89 8.31 -1.70 172.88
5.90 8.28 -1.70 172.02
5.91 8.25 -1.69 171.16
5.92 8.22 -1.69 170.31
5.93 8.19 -1.68 169.45
5.94 8.16 -1.68 168.59
5.95 8.13 -1.67 167.73
5.96 8.10 -1.66 166.87
5.97 8.07 -1.66 166.01
5.98 8.04 -1.65 165.15
5.99 8.01 -1.64 164.29
6.00 7.99 -1.63 163.43
